%YAML:1.0
Ml: !!opencv-matrix
   rows: 3
   cols: 3
   dt: d
   data: [ 2.2383825233360208e+003, 0., 6.3522437693781274e+002, 0.,
       2.2383825233360208e+003, 4.7920903382762037e+002, 0., 0., 1. ]
Mr: !!opencv-matrix
   rows: 3
   cols: 3
   dt: d
   data: [ 2.2383825233360208e+003, 0., 6.3286149676058017e+002, 0.,
       2.2383825233360208e+003, 4.7845578497378051e+002, 0., 0., 1. ]
kl: !!opencv-matrix
   rows: 1
   cols: 5
   dt: d
   data: [ -1.2491551664363745e-001, 3.9734350946715863e-001, 0., 0.,
       -8.3308627335856356e-001 ]
kr: !!opencv-matrix
   rows: 1
   cols: 5
   dt: d
   data: [ -1.1980221204604674e-001, 2.1514585942254166e-001, 0., 0.,
       9.3642550111625200e-001 ]
R: !!opencv-matrix
   rows: 3
   cols: 3
   dt: d
   data: [ 9.9997818320238829e-001, -1.8010092678896808e-003,
       6.3552722103530088e-003, 1.7577055450748015e-003,
       9.9997524749398625e-001, 6.8128459954520113e-003,
       -6.3673849002179100e-003, -6.8015266637651796e-003,
       9.9995659688037186e-001 ]
T: !!opencv-matrix
   rows: 3
   cols: 1
   dt: d
   data: [ -6.0479312135349346e+001, 2.5319016468620020e-001,
       -4.7845743338706219e-002 ]
FM: !!opencv-matrix
   rows: 3
   cols: 3
   dt: d
   data: [ 7.5275281649955183e-010, -2.2720845271822748e-008,
       -2.6912302382428198e-004, 2.1327468501094878e-007,
       2.0259750865541328e-007, -6.6918147149967369e-002,
       2.9387988621421457e-004, 6.6604104776593440e-002, 1. ]

